/*--------------------------------*- C++ -*----------------------------------*\
| =========                 |                                                 |
| \\      /  F ield         | OpenFOAM: The Open Source CFD Toolbox           |
|  \\    /   O peration     | Version:  2406                                  |
|   \\  /    A nd           | Website:  www.openfoam.com                      |
|    \\/     M anipulation  |                                                 |
\*---------------------------------------------------------------------------*/
FoamFile
{
    version     2.0;
    format      ascii;
    arch        "LSB;label=32;scalar=64";
    note        "nPoints:4222  nCells:2016  nFaces:8158  nInternalFaces:3938";
    class       labelList;
    location    "constant/polyMesh";
    object      neighbour;
}
// * * * * * * * * * * * * * * * * * * * * * * * * * * * * * * * * * * * * * //


3938
(
1
42
1007
2
43
1006
3
44
1005
4
45
1004
5
46
1003
6
47
1002
7
48
1001
8
49
1000
9
50
999
10
51
998
11
52
997
12
53
996
13
54
995
14
55
994
15
56
993
16
57
992
17
58
991
18
59
990
19
60
989
20
61
988
21
62
987
22
63
986
23
64
985
24
65
984
25
66
983
26
67
982
27
68
981
28
69
980
29
70
979
30
71
978
31
72
977
32
73
976
33
74
975
34
75
974
35
76
973
36
77
972
37
78
971
38
79
970
39
80
969
40
81
968
41
82
967
83
966
1939
43
84
44
85
45
86
46
87
47
88
48
89
49
90
50
91
51
92
52
93
53
94
54
95
55
96
56
97
57
98
58
99
59
100
60
101
61
102
62
103
63
104
64
105
65
106
66
107
67
108
68
109
69
110
70
111
71
112
72
113
73
114
74
115
75
116
76
117
77
118
78
119
79
120
80
121
81
122
82
123
83
124
125
1935
85
126
86
127
87
128
88
129
89
130
90
131
91
132
92
133
93
134
94
135
95
136
96
137
97
138
98
139
99
140
100
141
101
142
102
143
103
144
104
145
105
146
106
147
107
148
108
149
109
150
110
151
111
152
112
153
113
154
114
155
115
156
116
157
117
158
118
159
119
160
120
161
121
162
122
163
123
164
124
165
125
166
167
1931
127
168
128
169
129
170
130
171
131
172
132
173
133
174
134
175
135
176
136
177
137
178
138
179
139
180
140
181
141
182
142
183
143
184
144
185
145
186
146
187
147
188
148
189
149
190
150
191
151
192
152
193
153
194
154
195
155
196
156
197
157
198
158
199
159
200
160
201
161
202
162
203
163
204
164
205
165
206
166
207
167
208
209
1927
169
210
170
211
171
212
172
213
173
214
174
215
175
216
176
217
177
218
178
219
179
220
180
221
181
222
182
223
183
224
184
225
185
226
186
227
187
228
188
229
189
230
190
231
191
232
192
233
193
234
194
235
195
236
196
237
197
238
198
239
199
240
200
241
201
242
202
243
203
244
204
245
205
246
206
247
207
248
208
249
209
250
251
1923
211
252
212
253
213
254
214
255
215
256
216
257
217
258
218
259
219
260
220
261
221
262
222
263
223
264
224
265
225
266
226
267
227
268
228
269
229
270
230
271
231
272
232
273
233
274
234
275
235
276
236
277
237
278
238
279
239
280
240
281
241
282
242
283
243
284
244
285
245
286
246
287
247
288
248
289
249
290
250
291
251
292
293
1919
253
294
254
295
255
296
256
297
257
298
258
299
259
300
260
301
261
302
262
303
263
304
264
305
265
306
266
307
267
308
268
309
269
310
270
311
271
312
272
313
273
314
274
315
275
316
276
317
277
318
278
319
279
320
280
321
281
322
282
323
283
324
284
325
285
326
286
327
287
328
288
329
289
330
290
331
291
332
292
333
293
334
335
1915
295
336
296
337
297
338
298
339
299
340
300
341
301
342
302
343
303
344
304
345
305
346
306
347
307
348
308
349
309
350
310
351
311
352
312
353
313
354
314
355
315
356
316
357
317
358
318
359
319
360
320
361
321
362
322
363
323
364
324
365
325
366
326
367
327
368
328
369
329
370
330
371
331
372
332
373
333
374
334
375
335
376
377
1911
337
378
338
379
339
380
340
381
341
382
342
383
343
384
344
385
345
386
346
387
347
388
348
389
349
390
350
391
351
392
352
393
353
394
354
395
355
396
356
397
357
398
358
399
359
400
360
401
361
402
362
403
363
404
364
405
365
406
366
407
367
408
368
409
369
410
370
411
371
412
372
413
373
414
374
415
375
416
376
417
377
418
419
1907
379
420
380
421
381
422
382
423
383
424
384
425
385
426
386
427
387
428
388
429
389
430
390
431
391
432
392
433
393
434
394
435
395
436
396
437
397
438
398
439
399
440
400
441
401
442
402
443
403
444
404
445
405
446
406
447
407
448
408
449
409
450
410
451
411
452
412
453
413
454
414
455
415
456
416
457
417
458
418
459
419
460
461
1903
421
462
422
463
423
464
424
465
425
466
426
467
427
468
428
469
429
470
430
471
431
472
432
473
433
474
434
475
435
476
436
477
437
478
438
479
439
480
440
481
441
482
442
483
443
484
444
485
445
486
446
487
447
488
448
489
449
490
450
491
451
492
452
493
453
494
454
495
455
496
456
497
457
498
458
499
459
500
460
501
461
502
503
1899
463
504
464
505
465
506
466
507
467
508
468
509
469
510
470
511
471
512
472
513
473
514
474
515
475
516
476
517
477
518
478
519
479
520
480
521
481
522
482
523
483
524
484
525
485
526
486
527
487
528
488
529
489
530
490
531
491
532
492
533
493
534
494
535
495
536
496
537
497
538
498
539
499
540
500
541
501
542
502
543
503
544
545
1895
505
546
506
547
507
548
508
549
509
550
510
551
511
552
512
553
513
554
514
555
515
556
516
557
517
558
518
559
519
560
520
561
521
562
522
563
523
564
524
565
525
566
526
567
527
568
528
569
529
570
530
571
531
572
532
573
533
574
534
575
535
576
536
577
537
578
538
579
539
580
540
581
541
582
542
583
543
584
544
585
545
586
587
1891
547
588
548
589
549
590
550
591
551
592
552
593
553
594
554
595
555
596
556
597
557
598
558
599
559
600
560
601
561
602
562
603
563
604
564
605
565
606
566
607
567
608
568
609
569
610
570
611
571
612
572
613
573
614
574
615
575
616
576
617
577
618
578
619
579
620
580
621
581
622
582
623
583
624
584
625
585
626
586
627
587
628
629
1887
589
630
590
631
591
632
592
633
593
634
594
635
595
636
596
637
597
638
598
639
599
640
600
641
601
642
602
643
603
644
604
645
605
646
606
647
607
648
608
649
609
650
610
651
611
652
612
653
613
654
614
655
615
656
616
657
617
658
618
659
619
660
620
661
621
662
622
663
623
664
624
665
625
666
626
667
627
668
628
669
629
670
671
1883
631
672
632
673
633
674
634
675
635
676
636
677
637
678
638
679
639
680
640
681
641
682
642
683
643
684
644
685
645
686
646
687
647
688
648
689
649
690
650
691
651
692
652
693
653
694
654
695
655
696
656
697
657
698
658
699
659
700
660
701
661
702
662
703
663
704
664
705
665
706
666
707
667
708
668
709
669
710
670
711
671
712
713
1879
673
714
674
715
675
716
676
717
677
718
678
719
679
720
680
721
681
722
682
723
683
724
684
725
685
726
686
727
687
728
688
729
689
730
690
731
691
732
692
733
693
734
694
735
695
736
696
737
697
738
698
739
699
740
700
741
701
742
702
743
703
744
704
745
705
746
706
747
707
748
708
749
709
750
710
751
711
752
712
753
713
754
755
1875
715
756
716
757
717
758
718
759
719
760
720
761
721
762
722
763
723
764
724
765
725
766
726
767
727
768
728
769
729
770
730
771
731
772
732
773
733
774
734
775
735
776
736
777
737
778
738
779
739
780
740
781
741
782
742
783
743
784
744
785
745
786
746
787
747
788
748
789
749
790
750
791
751
792
752
793
753
794
754
795
755
796
797
1871
757
798
758
799
759
800
760
801
761
802
762
803
763
804
764
805
765
806
766
807
767
808
768
809
769
810
770
811
771
812
772
813
773
814
774
815
775
816
776
817
777
818
778
819
779
820
780
821
781
822
782
823
783
824
784
825
785
826
786
827
787
828
788
829
789
830
790
831
791
832
792
833
793
834
794
835
795
836
796
837
797
838
839
1867
799
840
800
841
801
842
802
843
803
844
804
845
805
846
806
847
807
848
808
849
809
850
810
851
811
852
812
853
813
854
814
855
815
856
816
857
817
858
818
859
819
860
820
861
821
862
822
863
823
864
824
865
825
866
826
867
827
868
828
869
829
870
830
871
831
872
832
873
833
874
834
875
835
876
836
877
837
878
838
879
839
880
881
1863
841
882
842
883
843
884
844
885
845
886
846
887
847
888
848
889
849
890
850
891
851
892
852
893
853
894
854
895
855
896
856
897
857
898
858
899
859
900
860
901
861
902
862
903
863
904
864
905
865
906
866
907
867
908
868
909
869
910
870
911
871
912
872
913
873
914
874
915
875
916
876
917
877
918
878
919
879
920
880
921
881
922
923
1859
883
924
884
925
885
926
886
927
887
928
888
929
889
930
890
931
891
932
892
933
893
934
894
935
895
936
896
937
897
938
898
939
899
940
900
941
901
942
902
943
903
944
904
945
905
946
906
947
907
948
908
949
909
950
910
951
911
952
912
953
913
954
914
955
915
956
916
957
917
958
918
959
919
960
920
961
921
962
922
963
923
964
965
1855
925
926
927
928
929
930
931
932
933
934
935
936
937
938
939
940
941
942
943
944
945
946
947
948
949
950
951
952
953
954
955
956
957
958
959
960
961
962
963
964
965
1851
967
1008
968
1009
969
1010
970
1011
971
1012
972
1013
973
1014
974
1015
975
1016
976
1017
977
1018
978
1019
979
1020
980
1021
981
1022
982
1023
983
1024
984
1025
985
1026
986
1027
987
1028
988
1029
989
1030
990
1031
991
1032
992
1033
993
1034
994
1035
995
1036
996
1037
997
1038
998
1039
999
1040
1000
1041
1001
1042
1002
1043
1003
1044
1004
1045
1005
1046
1006
1047
1007
1048
1049
1009
1068
1010
1087
1011
1106
1012
1125
1013
1144
1014
1163
1015
1182
1016
1201
1017
1220
1018
1239
1019
1258
1020
1277
1021
1296
1022
1315
1023
1334
1024
1353
1025
1372
1026
1391
1027
1410
1028
1429
1029
1448
1030
1467
1031
1486
1032
1505
1033
1524
1034
1543
1035
1562
1036
1581
1037
1600
1038
1619
1039
1638
1040
1657
1041
1676
1042
1695
1043
1714
1044
1733
1045
1752
1046
1771
1047
1790
1048
1809
1049
1828
1847
1051
1069
1958
1052
1070
1957
1053
1071
1956
1054
1072
1955
1055
1073
1954
1056
1074
1953
1057
1075
1952
1058
1076
1951
1059
1077
1950
1060
1078
1949
1061
1079
1948
1062
1080
1947
1063
1081
1946
1064
1082
1945
1065
1083
1944
1066
1084
1943
1067
1085
1942
1068
1086
1941
1087
1940
1070
1088
1071
1089
1072
1090
1073
1091
1074
1092
1075
1093
1076
1094
1077
1095
1078
1096
1079
1097
1080
1098
1081
1099
1082
1100
1083
1101
1084
1102
1085
1103
1086
1104
1087
1105
1106
1089
1107
1090
1108
1091
1109
1092
1110
1093
1111
1094
1112
1095
1113
1096
1114
1097
1115
1098
1116
1099
1117
1100
1118
1101
1119
1102
1120
1103
1121
1104
1122
1105
1123
1106
1124
1125
1108
1126
1109
1127
1110
1128
1111
1129
1112
1130
1113
1131
1114
1132
1115
1133
1116
1134
1117
1135
1118
1136
1119
1137
1120
1138
1121
1139
1122
1140
1123
1141
1124
1142
1125
1143
1144
1127
1145
1128
1146
1129
1147
1130
1148
1131
1149
1132
1150
1133
1151
1134
1152
1135
1153
1136
1154
1137
1155
1138
1156
1139
1157
1140
1158
1141
1159
1142
1160
1143
1161
1144
1162
1163
1146
1164
1147
1165
1148
1166
1149
1167
1150
1168
1151
1169
1152
1170
1153
1171
1154
1172
1155
1173
1156
1174
1157
1175
1158
1176
1159
1177
1160
1178
1161
1179
1162
1180
1163
1181
1182
1165
1183
1166
1184
1167
1185
1168
1186
1169
1187
1170
1188
1171
1189
1172
1190
1173
1191
1174
1192
1175
1193
1176
1194
1177
1195
1178
1196
1179
1197
1180
1198
1181
1199
1182
1200
1201
1184
1202
1185
1203
1186
1204
1187
1205
1188
1206
1189
1207
1190
1208
1191
1209
1192
1210
1193
1211
1194
1212
1195
1213
1196
1214
1197
1215
1198
1216
1199
1217
1200
1218
1201
1219
1220
1203
1221
1204
1222
1205
1223
1206
1224
1207
1225
1208
1226
1209
1227
1210
1228
1211
1229
1212
1230
1213
1231
1214
1232
1215
1233
1216
1234
1217
1235
1218
1236
1219
1237
1220
1238
1239
1222
1240
1223
1241
1224
1242
1225
1243
1226
1244
1227
1245
1228
1246
1229
1247
1230
1248
1231
1249
1232
1250
1233
1251
1234
1252
1235
1253
1236
1254
1237
1255
1238
1256
1239
1257
1258
1241
1259
1242
1260
1243
1261
1244
1262
1245
1263
1246
1264
1247
1265
1248
1266
1249
1267
1250
1268
1251
1269
1252
1270
1253
1271
1254
1272
1255
1273
1256
1274
1257
1275
1258
1276
1277
1260
1278
1261
1279
1262
1280
1263
1281
1264
1282
1265
1283
1266
1284
1267
1285
1268
1286
1269
1287
1270
1288
1271
1289
1272
1290
1273
1291
1274
1292
1275
1293
1276
1294
1277
1295
1296
1279
1297
1280
1298
1281
1299
1282
1300
1283
1301
1284
1302
1285
1303
1286
1304
1287
1305
1288
1306
1289
1307
1290
1308
1291
1309
1292
1310
1293
1311
1294
1312
1295
1313
1296
1314
1315
1298
1316
1299
1317
1300
1318
1301
1319
1302
1320
1303
1321
1304
1322
1305
1323
1306
1324
1307
1325
1308
1326
1309
1327
1310
1328
1311
1329
1312
1330
1313
1331
1314
1332
1315
1333
1334
1317
1335
1318
1336
1319
1337
1320
1338
1321
1339
1322
1340
1323
1341
1324
1342
1325
1343
1326
1344
1327
1345
1328
1346
1329
1347
1330
1348
1331
1349
1332
1350
1333
1351
1334
1352
1353
1336
1354
1337
1355
1338
1356
1339
1357
1340
1358
1341
1359
1342
1360
1343
1361
1344
1362
1345
1363
1346
1364
1347
1365
1348
1366
1349
1367
1350
1368
1351
1369
1352
1370
1353
1371
1372
1355
1373
1356
1374
1357
1375
1358
1376
1359
1377
1360
1378
1361
1379
1362
1380
1363
1381
1364
1382
1365
1383
1366
1384
1367
1385
1368
1386
1369
1387
1370
1388
1371
1389
1372
1390
1391
1374
1392
1375
1393
1376
1394
1377
1395
1378
1396
1379
1397
1380
1398
1381
1399
1382
1400
1383
1401
1384
1402
1385
1403
1386
1404
1387
1405
1388
1406
1389
1407
1390
1408
1391
1409
1410
1393
1411
1394
1412
1395
1413
1396
1414
1397
1415
1398
1416
1399
1417
1400
1418
1401
1419
1402
1420
1403
1421
1404
1422
1405
1423
1406
1424
1407
1425
1408
1426
1409
1427
1410
1428
1429
1412
1430
1413
1431
1414
1432
1415
1433
1416
1434
1417
1435
1418
1436
1419
1437
1420
1438
1421
1439
1422
1440
1423
1441
1424
1442
1425
1443
1426
1444
1427
1445
1428
1446
1429
1447
1448
1431
1449
1432
1450
1433
1451
1434
1452
1435
1453
1436
1454
1437
1455
1438
1456
1439
1457
1440
1458
1441
1459
1442
1460
1443
1461
1444
1462
1445
1463
1446
1464
1447
1465
1448
1466
1467
1450
1468
1451
1469
1452
1470
1453
1471
1454
1472
1455
1473
1456
1474
1457
1475
1458
1476
1459
1477
1460
1478
1461
1479
1462
1480
1463
1481
1464
1482
1465
1483
1466
1484
1467
1485
1486
1469
1487
1470
1488
1471
1489
1472
1490
1473
1491
1474
1492
1475
1493
1476
1494
1477
1495
1478
1496
1479
1497
1480
1498
1481
1499
1482
1500
1483
1501
1484
1502
1485
1503
1486
1504
1505
1488
1506
1489
1507
1490
1508
1491
1509
1492
1510
1493
1511
1494
1512
1495
1513
1496
1514
1497
1515
1498
1516
1499
1517
1500
1518
1501
1519
1502
1520
1503
1521
1504
1522
1505
1523
1524
1507
1525
1508
1526
1509
1527
1510
1528
1511
1529
1512
1530
1513
1531
1514
1532
1515
1533
1516
1534
1517
1535
1518
1536
1519
1537
1520
1538
1521
1539
1522
1540
1523
1541
1524
1542
1543
1526
1544
1527
1545
1528
1546
1529
1547
1530
1548
1531
1549
1532
1550
1533
1551
1534
1552
1535
1553
1536
1554
1537
1555
1538
1556
1539
1557
1540
1558
1541
1559
1542
1560
1543
1561
1562
1545
1563
1546
1564
1547
1565
1548
1566
1549
1567
1550
1568
1551
1569
1552
1570
1553
1571
1554
1572
1555
1573
1556
1574
1557
1575
1558
1576
1559
1577
1560
1578
1561
1579
1562
1580
1581
1564
1582
1565
1583
1566
1584
1567
1585
1568
1586
1569
1587
1570
1588
1571
1589
1572
1590
1573
1591
1574
1592
1575
1593
1576
1594
1577
1595
1578
1596
1579
1597
1580
1598
1581
1599
1600
1583
1601
1584
1602
1585
1603
1586
1604
1587
1605
1588
1606
1589
1607
1590
1608
1591
1609
1592
1610
1593
1611
1594
1612
1595
1613
1596
1614
1597
1615
1598
1616
1599
1617
1600
1618
1619
1602
1620
1603
1621
1604
1622
1605
1623
1606
1624
1607
1625
1608
1626
1609
1627
1610
1628
1611
1629
1612
1630
1613
1631
1614
1632
1615
1633
1616
1634
1617
1635
1618
1636
1619
1637
1638
1621
1639
1622
1640
1623
1641
1624
1642
1625
1643
1626
1644
1627
1645
1628
1646
1629
1647
1630
1648
1631
1649
1632
1650
1633
1651
1634
1652
1635
1653
1636
1654
1637
1655
1638
1656
1657
1640
1658
1641
1659
1642
1660
1643
1661
1644
1662
1645
1663
1646
1664
1647
1665
1648
1666
1649
1667
1650
1668
1651
1669
1652
1670
1653
1671
1654
1672
1655
1673
1656
1674
1657
1675
1676
1659
1677
1660
1678
1661
1679
1662
1680
1663
1681
1664
1682
1665
1683
1666
1684
1667
1685
1668
1686
1669
1687
1670
1688
1671
1689
1672
1690
1673
1691
1674
1692
1675
1693
1676
1694
1695
1678
1696
1679
1697
1680
1698
1681
1699
1682
1700
1683
1701
1684
1702
1685
1703
1686
1704
1687
1705
1688
1706
1689
1707
1690
1708
1691
1709
1692
1710
1693
1711
1694
1712
1695
1713
1714
1697
1715
1698
1716
1699
1717
1700
1718
1701
1719
1702
1720
1703
1721
1704
1722
1705
1723
1706
1724
1707
1725
1708
1726
1709
1727
1710
1728
1711
1729
1712
1730
1713
1731
1714
1732
1733
1716
1734
1717
1735
1718
1736
1719
1737
1720
1738
1721
1739
1722
1740
1723
1741
1724
1742
1725
1743
1726
1744
1727
1745
1728
1746
1729
1747
1730
1748
1731
1749
1732
1750
1733
1751
1752
1735
1753
1736
1754
1737
1755
1738
1756
1739
1757
1740
1758
1741
1759
1742
1760
1743
1761
1744
1762
1745
1763
1746
1764
1747
1765
1748
1766
1749
1767
1750
1768
1751
1769
1752
1770
1771
1754
1772
1755
1773
1756
1774
1757
1775
1758
1776
1759
1777
1760
1778
1761
1779
1762
1780
1763
1781
1764
1782
1765
1783
1766
1784
1767
1785
1768
1786
1769
1787
1770
1788
1771
1789
1790
1773
1791
1774
1792
1775
1793
1776
1794
1777
1795
1778
1796
1779
1797
1780
1798
1781
1799
1782
1800
1783
1801
1784
1802
1785
1803
1786
1804
1787
1805
1788
1806
1789
1807
1790
1808
1809
1792
1810
1793
1811
1794
1812
1795
1813
1796
1814
1797
1815
1798
1816
1799
1817
1800
1818
1801
1819
1802
1820
1803
1821
1804
1822
1805
1823
1806
1824
1807
1825
1808
1826
1809
1827
1828
1811
1829
1812
1830
1813
1831
1814
1832
1815
1833
1816
1834
1817
1835
1818
1836
1819
1837
1820
1838
1821
1839
1822
1840
1823
1841
1824
1842
1825
1843
1826
1844
1827
1845
1828
1846
1847
1830
1831
1832
1833
1834
1835
1836
1837
1838
1839
1840
1841
1842
1843
1844
1845
1846
1847
1849
1852
1850
1853
1851
1854
1855
1853
1856
1854
1857
1855
1858
1859
1857
1860
1858
1861
1859
1862
1863
1861
1864
1862
1865
1863
1866
1867
1865
1868
1866
1869
1867
1870
1871
1869
1872
1870
1873
1871
1874
1875
1873
1876
1874
1877
1875
1878
1879
1877
1880
1878
1881
1879
1882
1883
1881
1884
1882
1885
1883
1886
1887
1885
1888
1886
1889
1887
1890
1891
1889
1892
1890
1893
1891
1894
1895
1893
1896
1894
1897
1895
1898
1899
1897
1900
1898
1901
1899
1902
1903
1901
1904
1902
1905
1903
1906
1907
1905
1908
1906
1909
1907
1910
1911
1909
1912
1910
1913
1911
1914
1915
1913
1916
1914
1917
1915
1918
1919
1917
1920
1918
1921
1919
1922
1923
1921
1924
1922
1925
1923
1926
1927
1925
1928
1926
1929
1927
1930
1931
1929
1932
1930
1933
1931
1934
1935
1933
1936
1934
1937
1935
1938
1939
1937
1938
1939
1941
1959
1942
1960
1943
1961
1944
1962
1945
1963
1946
1964
1947
1965
1948
1966
1949
1967
1950
1968
1951
1969
1952
1970
1953
1971
1954
1972
1955
1973
1956
1974
1957
1975
1958
1976
1977
1960
1978
1961
1979
1962
1980
1963
1981
1964
1982
1965
1983
1966
1984
1967
1985
1968
1986
1969
1987
1970
1988
1971
1989
1972
1990
1973
1991
1974
1992
1975
1993
1976
1994
1977
1995
1996
1979
1997
1980
1998
1981
1999
1982
2000
1983
2001
1984
2002
1985
2003
1986
2004
1987
2005
1988
2006
1989
2007
1990
2008
1991
2009
1992
2010
1993
2011
1994
2012
1995
2013
1996
2014
2015
1998
1999
2000
2001
2002
2003
2004
2005
2006
2007
2008
2009
2010
2011
2012
2013
2014
2015
)


// ************************************************************************* //
